918882144
920244339
920339269
918778626
920318040
920151165
920028898
918997543
920251507
918766369
918952643
920003103
920061167
919918618
919932703
918790468
920350790
919895248
920268749
920053452
920192241
920289822
918895067
920249871
920230892
919873522
919069961
918780053
918957956
919897957
918902206
918871141
920279830
920320176
920319830
920290717
920300883
920273472
920206963
919893128
919011781
919971586
919036463
920209058
919047129
920062038
918936471
918946386
919088635
918981165
919886982
920365591
918806928
918816100
918265178
920103907
920031364
918872739
919892180
918811414
919901963
918937389
919896773
919895776
920391440
920292140
919872885
920023851
918991637
919998925
919894789
918853772
920059157
919031491
920221715
918800690
920332351
918804189
918809955
920017949
918885561
919069108
920159046
919095787
920074466
918832644
920263229
918965356
919867954
919088636
920144502
919870484
918982276
918780029
920432427
919970638
918937384
919915886
918933594
919064320
918805664
919042539
919987237
918993713
919089718
918789515
919014764
920350035
919039025
920057576
919975631
920331686
919062846
920293390
920251916
920395259
920347712
919999920
918913743
920302299
919950956
919883742
919990917
918784102
918928714
920100824
920082976
919068931
919974795
918972903
920193788
920330680
920085887
919087701
919011793
920348034
920113214
920411707
919898185
919050609
920320979
920302860
919950056
918813600
918279236
920189010
919945948
920325685
919927819
919881720
919966027
920025400
920198960
918911993
919955211
918242011
919090977
919930048
920130572
919987923
918956344
920192928
920241308
919020062
920244010
919928498
920424124
919893931
919975941
920304744
920241211
918866151
918789520
919890501
918900046
920075008
920002606
919940607
919925510
920107728
919893490
920407415
918884924
919889263
919064504
918905307
920048057
919016425
920234304
919901161
920084548
918804171
918964109
919944956
920381988
86686666
920124664
918887102
919950113
918963168
918805670
920137125
920075228
919003752
920187990
918899049
920063164
920028688
918788359
919895472
919964334
920341749
918971292
919998968
918827961
920147492
917670945
918813077
920285837
919864153
920341287
918872742
918954574
918816126
918867891
920058739
920108605
918923038
920184324
919898349
920292415
920003159
918843799
918792575
918809974
919911544
918989267
919896430
919886439
918846146
920327976
919974442
920067066
919867034
918899050
918202185
919014767
920260132
920410152
920051476
920347462
920342495
920063685
918542837
920345720
920200932
920284945
919094476
919856892
918773620
918824373
920087335
918942768
920208289
919888222
920118821
919898740
920150220
920309925
919876355
918961366
919935936
920293643
920217921
920401860
918834709
918995628
920405387
918995511
920138763
920007430
919888486
919963413
918973127
920406867
919985912
920364558
918817415
919891041
920337626
920120024
920225294
919940201
918835563
920016654
919920436
920189712
919002532
919894687
920095645
920273107
919894135
918840778
920235757